Be sure that the file has no more than 5000 rows
Creating 10 centroids
C0 383 - 886
C1 777 - 915
C2 793 - 335
C3 386 - 492
C4 649 - 421
C5 362 - 27
C6 690 - 59
C7 763 - 926
C8 540 - 426
C9 172 - 736
0 capacities:  0
1 capacities:  0
2 capacities:  0
3 capacities:  190
4 capacities:  70
5 capacities:  190
6 capacities:  180
7 capacities:  0
8 capacities:  180
9 capacities:  90
Matrix D
903.629 885.081 883.233 888.077 886.231 889.001 886.08 888.847 887.778 885.935 890.788 888.028 877.363 887.717 878.591 883.971 879.415 889.351 890.587 886.036 907.472 905.63 906.411 903.651 909.428 907.59 904.834 908.381 905.627 911.408 906.824 929.156 924.578 925.387 920.818 931.174 922.044 927.835 928.658 924.105 924.035 922.182 922.939 920.164 925.169 925.929 924.081 921.309 926.694 922.077 925.616 927.847 923.236 943.971 940.03 935.373 945.415 936.104 946.143 936.838 947.241 918.491 913.833 909.178 919.218 909.913 914.93 910.281 920.315 915.666 903.15 898.412 917.407 904.111 912.744 887.854 900.028 905.407 900.681 905.733 911.112 901.668 886.242 887.289 885.185 884.025 889.41 889.767 885.099 887.685 891.566 886.908 861.079 861.815 864.604 867.57 868.312 863.672 873.697 870.184 865.555 
1136.4 1119.48 1117.97 1122.95 1121.44 1123.71 1122 1124.26 1124.07 1122.56 1127.55 1125.29 1120 1129.44 1122.02 1127.06 1123.36 1132.11 1134.13 1130.43 1142.91 1141.39 1142.7 1140.44 1146.18 1144.67 1142.41 1145.99 1143.73 1149.47 1145.71 1167.34 1163.58 1164.9 1161.15 1170.63 1163.14 1168.87 1170.19 1166.46 1154.9 1153.37 1154.65 1152.36 1156.83 1158.12 1156.59 1154.3 1159.41 1155.6 1159.18 1161.35 1157.54 1168.5 1165.87 1161.99 1171.01 1163.26 1172.27 1164.53 1174.17 1145.32 1141.46 1137.61 1146.59 1138.89 1143.37 1139.53 1148.5 1144.65 1117.3 1113.34 1143.42 1119.13 1139.55 1121.75 1116.41 1121.58 1117.64 1122.2 1127.37 1119.49 1110.14 1112.04 1110.99 1110.72 1115.85 1116.49 1112.64 1115.46 1119.68 1115.85 1092.25 1093.55 1095.83 1099.3 1100.6 1096.81 1105.69 1103.86 1100.08 
805.13 794.225 793.555 797.723 797.051 798.061 798.602 799.606 800.821 800.156 804.316 803.318 807.666 813.659 810.519 813.974 812.422 817.45 820.295 818.724 814.49 813.792 815.668 814.632 819.176 818.482 817.45 820.359 819.329 823.865 822.149 838.504 836.728 838.6 836.854 843.175 839.669 844.219 846.093 844.363 817.061 816.317 818.174 817.068 819.845 821.702 820.962 819.859 823.559 821.721 824.681 826.347 824.514 818.475 818.307 816.334 822.137 818.174 823.969 820.015 826.719 803.165 801.28 799.421 805.016 801.28 804.062 802.21 807.793 805.918 761.728 759.739 800.391 764.478 798.499 795.238 764.336 768.147 766.176 769.065 772.893 768.937 770.665 773.46 774.247 775.403 779.056 779.99 778.209 780.787 784.659 782.888 767.839 769.73 770.709 774.2 776.089 774.46 779.631 780.813 779.194 
561.32 544.111 542.554 547.551 545.996 548.329 546.484 548.81 548.525 546.981 551.976 549.664 544.031 553.521 546.027 551.09 547.362 556.159 558.149 554.423 567.539 565.982 567.242 564.919 570.688 569.141 566.824 570.411 568.1 573.864 570.022 591.798 587.946 589.227 585.4 594.987 587.341 593.094 594.39 590.597 580.211 578.62 579.835 577.458 582.031 583.25 581.667 579.297 584.472 580.528 584.123 586.315 582.383 595.091 592.166 588.103 597.398 589.275 598.559 590.452 600.308 571.262 567.226 563.205 572.44 564.401 569.008 565 574.217 570.202 546.008 541.784 569.502 547.613 565.454 546.452 544.486 549.771 545.576 550.314 555.599 547.22 536.367 538.112 536.854 536.421 541.635 542.227 538.205 541.004 545.202 541.202 517.117 518.353 520.712 524.137 525.376 521.464 530.54 528.493 524.605 
713.107 699.589 698.582 703.188 702.181 703.694 703.41 704.916 705.642 704.643 709.24 707.743 708.711 716.132 711.354 715.487 713.118 719.637 722.269 719.887 721.666 720.64 722.359 720.831 725.959 724.939 723.417 726.662 725.143 730.262 727.734 746.537 743.964 745.682 743.14 750.821 745.729 750.846 752.57 750.051 727.927 726.854 728.544 726.947 730.459 732.149 731.083 729.491 733.841 731.189 734.473 736.381 733.738 734.221 733.055 730.264 737.521 731.927 739.173 733.592 741.655 715.32 712.599 709.903 716.995 711.591 715.122 712.436 719.512 716.807 678.083 675.213 712.809 680.537 710.079 701.108 679.321 683.814 680.968 684.635 689.139 683.441 680.758 683.29 683.381 684.019 688.364 689.211 686.569 689.322 693.453 690.827 672.027 673.76 675.261 678.859 680.589 678.098 684.834 684.921 682.446 
322.82 319.64 319.903 322.368 322.616 322.248 324.728 324.353 326.584 326.841 329.317 329.686 341.955 343.372 344.912 346.082 346.883 347.333 350.304 351.024 332.796 332.94 334.934 335.172 337.784 337.926 338.161 339.921 340.154 342.773 343.144 352.091 352.24 354.239 354.457 357.09 357.453 360.235 362.233 362.447 327.014 327.038 329.038 329.097 330.014 332.014 332.038 332.096 334.013 334.096 336.037 337.013 337.095 318.76 320.451 320.225 322.751 322.224 324.746 324.222 327.739 312.014 312.103 312.271 314.014 314.269 315.102 315.268 317.014 317.101 267.017 267.12 309.015 270.017 309.104 319.269 272.118 274.016 274.117 275.016 277.007 277.116 288.363 291.349 293.641 295.846 297.321 298.317 298.828 300.603 303.295 303.798 300.648 302.61 302.05 304.646 306.615 307.519 307.766 311.541 312.431 
650.062 645.063 645.094 648.038 648.062 648.028 650.077 650.038 652.062 652.093 655.037 655.076 665.508 668.192 668.506 670.329 670.504 672.19 675.19 675.327 660.061 660.037 662.037 662.012 665.061 665.037 665.012 667.037 667.012 670.06 670.012 680.423 680.265 682.265 682.144 685.42 685.143 688.262 690.262 690.142 655.642 655.556 657.555 657.438 658.639 660.637 660.552 660.436 662.635 662.435 664.549 665.632 665.433 648.253 649.85 649.492 652.239 651.488 654.232 653.483 657.222 640.657 640.45 640.282 642.655 642.281 643.448 643.281 645.652 645.446 595.706 595.484 637.66 598.703 637.452 645.028 600.48 602.698 602.478 603.697 605.955 605.476 615.013 618.013 620.001 622.001 624.013 625.013 625.001 627.001 630.013 630.001 623.542 625.541 625.423 628.351 630.35 630.536 632.203 635.347 635.532 
1135.83 1118.79 1117.26 1122.25 1120.72 1123.01 1121.24 1123.53 1123.29 1121.77 1126.76 1124.47 1118.89 1128.4 1120.88 1125.95 1122.2 1131.03 1133.01 1129.26 1142.22 1140.69 1141.97 1139.68 1145.43 1143.91 1141.62 1145.2 1142.91 1148.66 1144.85 1166.57 1162.76 1164.05 1160.25 1169.81 1162.21 1167.95 1169.26 1165.47 1154.47 1152.92 1154.18 1151.86 1156.36 1157.63 1156.08 1153.76 1158.9 1155.04 1158.62 1160.8 1156.95 1168.42 1165.72 1161.79 1170.88 1163.03 1172.12 1164.28 1173.98 1145.07 1141.16 1137.26 1146.32 1138.52 1143.04 1139.15 1148.19 1144.29 1117.6 1113.6 1143.2 1119.4 1139.29 1121.09 1116.61 1121.8 1117.81 1122.4 1127.6 1119.63 1109.95 1111.81 1110.71 1110.4 1115.55 1116.17 1112.28 1115.09 1119.31 1115.42 1091.65 1092.92 1095.24 1098.69 1099.97 1096.12 1105.09 1103.17 1099.34 
625.601 610.892 609.722 614.495 613.325 615.081 614.369 616.117 616.578 615.419 620.181 618.445 617.662 625.72 620.165 624.593 621.837 629.035 631.527 628.761 633.621 632.437 634.05 632.286 637.653 636.475 634.717 638.095 636.341 641.698 638.781 658.621 655.665 657.282 654.358 662.651 656.8 662.148 663.774 660.879 641.748 640.516 642.094 640.258 644.112 645.69 644.466 642.636 647.271 644.224 647.636 649.647 646.611 650.582 648.891 645.697 653.637 647.241 655.168 648.787 657.469 630.013 626.882 623.776 631.569 625.348 629.23 626.135 633.909 630.798 595.685 592.373 627.682 597.93 624.54 612.655 596.138 600.933 597.65 601.685 606.487 599.922 594.866 597.214 596.929 597.277 601.928 602.716 599.651 602.456 606.664 603.619 583.104 584.727 586.482 590.085 591.706 588.796 596.259 595.769 592.879 
698.584 679.965 678.001 682.495 680.532 683.477 679.936 682.879 681.308 679.347 683.863 680.924 667.39 677.806 668.058 673.38 668.51 678.702 679.389 674.526 700.543 698.584 698.994 696.058 701.573 699.618 696.685 700.041 697.11 702.638 697.757 719.476 714.605 715.061 710.195 720.618 710.894 716.461 716.938 712.085 719.17 717.206 717.591 714.648 719.747 720.139 718.178 715.238 720.536 715.637 718.98 721.141 716.247 742.122 737.547 732.626 742.822 732.984 743.18 733.346 743.727 716.464 711.537 706.612 716.807 706.96 712.058 707.136 717.332 712.411 710.187 705.216 715.959 710.518 711.029 682.913 705.78 710.98 706.015 711.098 716.303 706.378 687.874 688.303 685.63 683.953 689.2 689.355 684.416 686.706 690.149 685.215 659.413 659.735 662.695 665.159 665.492 660.564 670.759 666.352 661.43 
---------------------
Matrix G
0 0 0 0 0 0 0 0 0 0 0 0 0 0 0 0 0 0 0 0 0 0 0 0 0 0 0 0 0 0 0 0 0 0 0 0 0 0 0 0 0 0 0 0 0 0 0 0 0 0 0 0 0 0 0 0 0 0 0 0 0 0 0 0 0 0 0 0 0 0 0 0 0 0 0 0 0 0 0 0 0 0 0 0 0 0 0 0 0 0 0 0 0 0 0 0 0 0 0 0 0 
0 0 0 0 0 0 0 0 0 0 0 0 0 0 0 0 0 0 0 0 0 0 0 0 0 0 0 0 0 0 0 0 0 0 0 0 0 0 0 0 0 0 0 0 0 0 0 0 0 0 0 0 0 0 0 0 0 0 0 0 0 0 0 0 0 0 0 0 0 0 0 0 0 0 0 0 0 0 0 0 0 0 0 0 0 0 0 0 0 0 0 0 0 0 0 0 0 0 0 0 0 
0 0 0 0 0 0 0 0 0 0 0 0 0 0 0 0 0 0 0 0 0 0 0 0 0 0 0 0 0 0 0 0 0 0 0 0 0 0 0 0 0 0 0 0 0 0 0 0 0 0 0 0 0 0 0 0 0 0 0 0 0 0 0 0 0 0 0 0 0 0 0 0 0 0 0 0 0 0 0 0 0 0 0 0 0 0 0 0 0 0 0 0 0 0 0 0 0 0 0 0 0 
0 0 0 0 0 0 0 0 0 0 0 0 0 0 0 0 1 0 0 0 1 1 1 1 1 1 1 1 1 1 1 1 1 1 1 1 1 0 0 0 1 0 0 0 0 0 0 0 0 0 0 0 0 0 0 0 0 0 0 0 0 0 0 0 0 0 0 0 0 0 0 0 0 0 0 0 0 0 0 0 0 0 0 0 0 0 0 0 0 0 0 0 0 0 0 0 0 0 0 0 0 
0 0 0 0 0 0 0 0 0 0 0 0 0 0 0 0 0 0 0 0 0 0 0 0 0 0 0 0 0 0 0 0 0 0 0 0 0 0 0 0 0 0 0 0 0 0 0 0 0 0 0 0 0 0 0 0 0 0 0 0 0 0 0 0 0 0 0 0 0 0 0 1 0 0 1 0 0 0 1 0 0 1 1 0 1 0 0 1 0 0 0 0 0 0 0 0 0 0 0 0 0 
1 1 1 1 1 1 1 1 1 1 1 1 1 1 1 1 0 1 1 1 0 0 0 0 0 0 0 0 0 0 0 0 0 0 0 0 0 0 0 0 0 0 0 0 0 0 0 0 0 0 0 0 0 0 0 0 0 0 0 0 0 0 0 0 0 0 0 0 0 0 0 0 0 0 0 0 0 0 0 0 0 0 0 0 0 0 0 0 0 0 0 0 0 0 0 0 0 0 0 0 0 
0 0 0 0 0 0 0 0 0 0 0 0 0 0 0 0 0 0 0 0 0 0 0 0 0 0 0 0 0 0 0 0 0 0 0 0 0 0 0 0 0 0 0 0 0 0 0 0 0 0 0 0 0 1 1 0 1 1 1 0 1 0 1 1 0 0 0 0 0 0 1 0 0 0 0 0 0 0 0 0 0 0 0 0 0 0 0 0 0 0 0 0 0 0 0 0 0 0 0 0 0 
0 0 0 0 0 0 0 0 0 0 0 0 0 0 0 0 0 0 0 0 0 0 0 0 0 0 0 0 0 0 0 0 0 0 0 0 0 0 0 0 0 0 0 0 0 0 0 0 0 0 0 0 0 0 0 0 0 0 0 0 0 0 0 0 0 0 0 0 0 0 0 0 0 0 0 0 0 0 0 0 0 0 0 0 0 0 0 0 0 0 0 0 0 0 0 0 0 0 0 0 0 
0 0 0 0 0 0 0 0 0 0 0 0 0 0 0 0 0 0 0 0 0 0 0 0 0 0 0 0 0 0 0 0 0 0 0 0 0 1 1 1 0 1 1 1 1 1 1 0 0 0 0 0 0 0 0 0 0 0 0 0 0 0 0 0 0 0 0 0 0 0 0 0 0 0 0 0 0 0 0 0 0 0 0 0 0 0 0 0 0 0 0 0 0 0 0 0 0 0 0 0 0 
0 0 0 0 0 0 0 0 0 0 0 0 0 0 0 0 0 0 0 0 0 0 0 0 0 0 0 0 0 0 0 0 0 0 0 0 0 0 0 0 0 0 0 0 0 0 0 0 0 0 0 0 0 0 0 0 0 0 0 0 0 0 0 0 0 0 0 0 0 0 0 0 0 0 0 1 0 0 0 0 0 0 0 0 0 1 0 0 1 0 0 0 1 1 0 1 0 1 1 0 1 
---------------------
C0 0 - 0 ----  Associated Cluster Capacity 0
C1 0 - 0 ----  Associated Cluster Capacity 0
C2 0 - 0 ----  Associated Cluster Capacity 0
C3 19.8947 - 49.1053 ----  Associated Cluster Capacity 190
C4 75.8571 - 44 ----  Associated Cluster Capacity 70
C5 32.5789 - 71.0526 ----  Associated Cluster Capacity 190
C6 48.2222 - 16.6667 ----  Associated Cluster Capacity 180
C7 0 - 0 ----  Associated Cluster Capacity 0
C8 21.6667 - 35.1111 ----  Associated Cluster Capacity 180
C9 60.5556 - 75.5556 ----  Associated Cluster Capacity 90
---------------------
G_diff 0
Matrix D
64.0312 81.5414 83.2166 78.2304 79.925 77.3886 79.7559 77.1751 77.8974 79.6492 74.7061 77.3692 88.6002 78.1601 87.8009 82.4621 87.3212 77.1298 76.4853 81.3941 58.3095 60.0333 59.0593 61.7171 55.9017 57.6975 60.4152 56.8595 59.6154 53.8516 58.5235 36.4006 41.2311 40.7922 45.7056 35.3553 45.2769 40.05 40 45 46.0977 47.4236 45.9674 48.1041 43.8634 42.4264 43.8634 46.0977 41.0366 44.8219 41.2311 39.0512 43.0116 44.2832 43.1741 44.5982 40.3113 42.72 38.3275 40.8534 35.3553 58.3095 61.0328 64.0312 56.6039 62.482 58.6003 61.7171 54.0833 57.0088 99.6243 101.242 60.9016 96.7678 63.5138 79.0569 96.566 92.9731 94.7048 92.0272 88.6002 91.9239 93.0054 90.6035 90.9065 90.6863 85.9128 85.1469 88.459 85.6329 81.3941 84.8528 108.231 107.005 104.637 101.213 100 104.043 94.8103 97.0824 101.242 
64.0312 81.5414 83.2166 78.2304 79.925 77.3886 79.7559 77.1751 77.8974 79.6492 74.7061 77.3692 88.6002 78.1601 87.8009 82.4621 87.3212 77.1298 76.4853 81.3941 58.3095 60.0333 59.0593 61.7171 55.9017 57.6975 60.4152 56.8595 59.6154 53.8516 58.5235 36.4006 41.2311 40.7922 45.7056 35.3553 45.2769 40.05 40 45 46.0977 47.4236 45.9674 48.1041 43.8634 42.4264 43.8634 46.0977 41.0366 44.8219 41.2311 39.0512 43.0116 44.2832 43.1741 44.5982 40.3113 42.72 38.3275 40.8534 35.3553 58.3095 61.0328 64.0312 56.6039 62.482 58.6003 61.7171 54.0833 57.0088 99.6243 101.242 60.9016 96.7678 63.5138 79.0569 96.566 92.9731 94.7048 92.0272 88.6002 91.9239 93.0054 90.6035 90.9065 90.6863 85.9128 85.1469 88.459 85.6329 81.3941 84.8528 108.231 107.005 104.637 101.213 100 104.043 94.8103 97.0824 101.242 
64.0312 81.5414 83.2166 78.2304 79.925 77.3886 79.7559 77.1751 77.8974 79.6492 74.7061 77.3692 88.6002 78.1601 87.8009 82.4621 87.3212 77.1298 76.4853 81.3941 58.3095 60.0333 59.0593 61.7171 55.9017 57.6975 60.4152 56.8595 59.6154 53.8516 58.5235 36.4006 41.2311 40.7922 45.7056 35.3553 45.2769 40.05 40 45 46.0977 47.4236 45.9674 48.1041 43.8634 42.4264 43.8634 46.0977 41.0366 44.8219 41.2311 39.0512 43.0116 44.2832 43.1741 44.5982 40.3113 42.72 38.3275 40.8534 35.3553 58.3095 61.0328 64.0312 56.6039 62.482 58.6003 61.7171 54.0833 57.0088 99.6243 101.242 60.9016 96.7678 63.5138 79.0569 96.566 92.9731 94.7048 92.0272 88.6002 91.9239 93.0054 90.6035 90.9065 90.6863 85.9128 85.1469 88.459 85.6329 81.3941 84.8528 108.231 107.005 104.637 101.213 100 104.043 94.8103 97.0824 101.242 
20.1252 31.4211 32.6629 27.8222 29.0801 27.2266 28.2847 26.2613 26.1689 27.6476 22.6628 24.9794 36.256 25.9802 35.9564 30.8949 35.8949 25.964 26.3533 31.2801 10.1448 10.5117 8.60667 10.0221 5.18307 5.86883 7.79818 4.24525 6.66263 0.900908 5.89568 17.2297 13.4466 14.9797 12.5832 20.5137 15.4501 20.078 21.8794 20.3139 24.3553 22.8201 21.5485 19.2537 22.6174 21.6131 19.8672 17.3515 20.7535 16.2682 18.1622 19.7756 15.0007 50.2627 44.9206 40.6425 48.4716 39.5903 47.6768 38.6131 46.6202 35.6558 33.2458 31.4521 33.9841 29.5434 30.5557 28.5937 31.5481 28.7964 77.4972 76.4183 38.2226 74.5934 35.985 29.7139 71.5102 70.7343 69.5506 69.772 69.4245 66.6157 55.4197 52.4376 50.8886 49.3235 46.4806 45.4888 46.4024 44.0134 40.5362 41.5587 59.2228 57.6447 55.8261 52.2239 50.6253 53.8225 46.0711 46.7639 50.2077 
36.3557 39.0917 40.3505 40.377 41.5007 39.841 43.7119 42.0682 44.8237 45.9256 46.4037 47.8989 65.3257 62.1417 67.6875 66.4531 69.2894 65.6388 68.2978 70.7078 46.248 46.5497 48.5212 49.105 51.2099 51.4825 52.0331 53.4591 53.9896 56.1785 56.93 66.4693 65.9785 67.9749 67.8645 71.4264 70.8642 73.9654 75.9625 75.8637 43.1892 42.5829 44.5054 43.7919 46.0375 47.9466 47.4012 46.732 49.8629 48.6961 51.2809 52.7489 51.6474 50.3575 47.9823 44.5792 52.9786 46.1165 54.3522 47.6882 56.4828 29.4039 27.3787 26.1647 31.1772 28.1429 30.228 29.133 33.8846 32.1429 23.716 21.153 26.8039 21.368 24.5652 37.3251 16.7637 18.5324 15.1145 17.8931 21.0853 12.8293 11.0333 11.6567 15.1758 17.8251 14.7703 15.4557 19.3359 19.0081 19.2989 22.5266 41.9458 42.4132 39.5206 38.5749 39.3376 43.9596 35.7754 41.6055 46.0002 
22.3223 12.7907 12.4656 10.6904 9.90327 11.1978 7.6997 8.97781 6.22144 5.5223 5.60273 3.17408 15.8735 11.2914 17.5055 15.4365 18.7819 15.1039 18.0167 19.725 21.21 19.2264 19.5951 16.6929 22.3753 20.5047 17.7518 21.3251 18.6934 24.5243 20.394 42.5394 38.3937 39.6029 35.8171 45.3915 37.9386 43.5814 45.0073 41.7148 41.124 39.1276 39.0549 36.0551 41.0567 41.1336 39.1377 36.1448 41.3072 36.3423 39.6029 41.7464 36.8406 67.0328 61.7752 56.8388 66.4682 56.5418 66.2747 56.3142 66.097 44.5961 40.041 35.6056 43.8535 34.671 38.8299 34.2379 42.8906 38.1323 74.7108 72.0845 45.8513 72.2231 41.4344 13.8173 67.801 68.9696 66.1157 68.1687 69.7769 63.622 45.3567 42.5641 39.6321 37.1054 37.0763 36.1775 34.2533 33.103 31.7742 29.5648 37.1394 35.2938 34.2194 30.7515 28.8439 30.7643 25.7257 24.1404 26.4052 
34.3324 51.4344 53.4306 49.7242 51.7091 48.7322 52.9753 50.0138 52.3412 54.3041 51.0745 53.9778 72.1714 63.9561 73.1919 69.3369 73.932 65.6975 67.1304 71.518 37.989 39.7554 40.711 43.3403 40.6249 42.2814 44.8187 43.412 45.8869 43.6761 47.6019 42.3916 44.7815 46.5002 49.1996 46.9497 51.6811 51.7778 53.5708 55.93 18.7778 20.2469 21.6062 23.8291 20.9985 22.5794 23.8151 25.8488 24.2222 27.2956 26.9989 26.7778 29.5869 12.4072 9.11924 6.44157 14.2729 8.38944 15.5114 10.3572 17.6334 13.4513 18.4193 23.401 13.3352 23.3344 18.374 23.3653 13.7172 18.6143 48.6409 50.2421 14.1635 45.7632 18.9457 48.4406 45.6234 41.9529 43.7993 41.006 37.7101 41.094 46.76 45.1091 46.7196 47.6334 42.2551 41.8442 46.468 43.8956 40.1019 44.9054 70.8664 70.3629 67.4532 64.8147 64.4192 69.3409 59.1471 63.695 68.6686 
64.0312 81.5414 83.2166 78.2304 79.925 77.3886 79.7559 77.1751 77.8974 79.6492 74.7061 77.3692 88.6002 78.1601 87.8009 82.4621 87.3212 77.1298 76.4853 81.3941 58.3095 60.0333 59.0593 61.7171 55.9017 57.6975 60.4152 56.8595 59.6154 53.8516 58.5235 36.4006 41.2311 40.7922 45.7056 35.3553 45.2769 40.05 40 45 46.0977 47.4236 45.9674 48.1041 43.8634 42.4264 43.8634 46.0977 41.0366 44.8219 41.2311 39.0512 43.0116 44.2832 43.1741 44.5982 40.3113 42.72 38.3275 40.8534 35.3553 58.3095 61.0328 64.0312 56.6039 62.482 58.6003 61.7171 54.0833 57.0088 99.6243 101.242 60.9016 96.7678 63.5138 79.0569 96.566 92.9731 94.7048 92.0272 88.6002 91.9239 93.0054 90.6035 90.9065 90.6863 85.9128 85.1469 88.459 85.6329 81.3941 84.8528 108.231 107.005 104.637 101.213 100 104.043 94.8103 97.0824 101.242 
23.6176 40.3252 41.9724 36.9806 38.6668 36.1496 38.5301 35.9198 36.7213 38.5229 33.6437 36.4175 50.0001 39.8903 49.89 44.9198 49.9167 40.0571 40.4422 45.3812 17.0623 18.8329 18.0373 20.8729 15.2575 17.2147 20.1663 16.9414 19.9335 14.9819 19.9586 11.6672 12.6496 14.5148 16.8691 16.667 19.3796 20.2652 22.2114 23.8167 14.2794 13.6915 11.7526 11.3339 11.5283 9.77588 8.89514 8.33407 8.13846 6.33431 5.33449 6.10201 3.33519 37.4894 32.3112 28.599 35.2532 27.2134 34.2558 25.9082 32.9311 28.7906 28.3336 28.752 26.8248 26.7833 25.3336 25.8008 23.8866 23.3336 73.5112 73.3334 31.7475 70.5188 31.3335 37.9182 68.3334 66.53 66.3334 65.533 64.1354 63.3334 56.9211 54.1204 53.4791 52.595 48.5903 47.6796 49.9723 47.2477 43.1858 45.7045 67.4093 66.0809 63.8463 60.3472 59.0293 62.9154 53.9559 55.9118 60.0001 
32.7966 17.2934 16.5179 20.8714 20.0348 21.3478 21.5756 22.668 23.7874 23.2297 27.2836 26.383 36.7885 38.5596 39.6954 40.7984 41.6407 42.5592 45.5589 45.7718 39.8338 38.5812 40.1837 38.5019 43.7868 42.6505 41.0698 44.3315 42.813 47.9358 45.4674 64.8122 61.8067 63.453 60.7925 68.7835 63.404 68.5051 70.2223 67.8279 52.234 50.4992 51.5402 49.0312 53.7655 54.8539 53.2046 50.7779 55.9926 52.0059 55.5983 57.7885 53.9347 72.4719 68.1311 63.3347 73.4889 63.9492 74.0732 64.6199 75.0411 46.7625 41.9067 37.0893 47.2541 37.7073 42.761 38.0519 48.1382 43.4365 57.1115 53.2088 46.1779 55.354 41.2534 18.7988 50.1171 53.1837 48.9689 52.6746 56.1551 47.3528 25.1232 23.5267 19.9348 17.2451 21.2644 21.0306 16.178 17.7249 20.5631 15.5655 11.4336 10.4379 7.8284 4.67327 4.47903 9.46077 2.61525 7.11458 10.9573 
---------------------
Matrix G
0 0 0 0 0 0 0 0 0 0 0 0 0 0 0 0 0 0 0 0 0 0 0 0 0 0 0 0 0 0 0 0 0 0 0 0 0 0 0 0 0 0 0 0 0 0 0 0 0 0 0 0 0 0 0 0 0 0 0 0 0 0 0 0 0 0 0 0 0 0 0 0 0 0 0 0 0 0 0 0 0 0 0 0 0 0 0 0 0 0 0 0 0 0 0 0 0 0 0 0 0 
0 0 0 0 0 0 0 0 0 0 0 0 0 0 0 0 0 0 0 0 0 0 0 0 0 0 0 0 0 0 0 0 0 0 0 0 0 0 0 0 0 0 0 0 0 0 0 0 0 0 0 0 0 0 0 0 0 0 0 0 0 0 0 0 0 0 0 0 0 0 0 0 0 0 0 0 0 0 0 0 0 0 0 0 0 0 0 0 0 0 0 0 0 0 0 0 0 0 0 0 0 
0 0 0 0 0 0 0 0 0 0 0 0 0 0 0 0 0 0 0 0 0 0 0 0 0 0 0 0 0 0 0 0 0 0 0 0 0 0 0 0 0 0 0 0 0 0 0 0 0 0 0 0 0 0 0 0 0 0 0 0 0 0 0 0 0 0 0 0 0 0 0 0 0 0 0 0 0 0 0 0 0 0 0 0 0 0 0 0 0 0 0 0 0 0 0 0 0 0 0 0 0 
1 0 0 0 0 0 0 0 0 0 0 0 0 0 0 0 0 0 0 0 1 1 1 1 1 1 1 1 1 1 1 0 0 0 1 0 1 1 1 1 0 0 0 0 0 0 0 0 0 0 0 0 0 0 0 0 0 0 0 0 0 0 0 0 0 0 0 0 0 0 0 0 0 0 0 0 0 0 0 0 0 0 0 0 0 0 0 0 0 0 0 0 0 0 0 0 0 0 0 0 0 
0 0 0 0 0 0 0 0 0 0 0 0 0 0 0 0 0 0 0 0 0 0 0 0 0 0 0 0 0 0 0 0 0 0 0 0 0 0 0 0 0 0 0 0 0 0 0 0 0 0 0 0 0 0 0 0 0 0 0 0 0 0 1 1 0 0 0 0 0 0 1 1 0 1 1 0 1 1 1 1 1 1 1 1 1 0 1 1 0 0 1 0 0 0 0 0 0 0 0 0 0 
0 1 1 1 1 1 1 1 1 1 1 1 1 1 1 1 1 1 1 1 0 0 0 0 0 0 0 0 0 0 0 0 0 0 0 0 0 0 0 0 0 0 0 0 0 0 0 0 0 0 0 0 0 0 0 0 0 0 0 0 0 0 0 0 0 0 0 0 0 0 0 0 0 0 0 0 0 0 0 0 0 0 0 0 0 0 0 0 0 0 0 0 0 0 0 0 0 0 0 0 0 
0 0 0 0 0 0 0 0 0 0 0 0 0 0 0 0 0 0 0 0 0 0 0 0 0 0 0 0 0 0 0 0 0 0 0 0 0 0 0 0 0 0 0 0 0 0 1 0 0 0 0 0 0 1 1 1 1 1 1 1 1 0 0 0 0 0 0 0 0 0 0 0 0 0 0 0 0 0 0 0 0 0 0 0 0 0 0 0 0 0 0 0 0 0 0 0 0 0 0 0 0 
0 0 0 0 0 0 0 0 0 0 0 0 0 0 0 0 0 0 0 0 0 0 0 0 0 0 0 0 0 0 0 0 0 0 0 0 0 0 0 0 0 0 0 0 0 0 0 0 0 0 0 0 0 0 0 0 0 0 0 0 0 0 0 0 0 0 0 0 0 0 0 0 0 0 0 0 0 0 0 0 0 0 0 0 0 0 0 0 0 0 0 0 0 0 0 0 0 0 0 0 0 
0 0 0 0 0 0 0 0 0 0 0 0 0 0 0 0 0 0 0 0 0 0 0 0 0 0 0 0 0 0 0 1 1 1 0 1 0 0 0 0 1 1 1 1 1 0 0 0 0 0 0 0 0 0 0 0 0 0 0 0 0 0 0 0 0 0 0 0 0 0 0 0 0 0 0 0 0 0 0 0 0 0 0 0 0 0 0 0 0 0 0 0 0 0 0 0 0 0 0 0 0 
0 0 0 0 0 0 0 0 0 0 0 0 0 0 0 0 0 0 0 0 0 0 0 0 0 0 0 0 0 0 0 0 0 0 0 0 0 0 0 0 0 0 0 0 0 0 0 0 0 0 0 0 0 0 0 0 0 0 0 0 0 0 0 0 0 0 0 0 0 0 0 0 0 0 0 1 0 0 0 0 0 0 0 0 0 1 0 0 1 1 0 1 1 1 1 1 1 1 1 1 1 
---------------------
C0 0 - 0 ----  Associated Cluster Capacity 0
C1 0 - 0 ----  Associated Cluster Capacity 0
C2 0 - 0 ----  Associated Cluster Capacity 0
C3 19.5294 - 49.5882 ----  Associated Cluster Capacity 170
C4 75.8889 - 40.4444 ----  Associated Cluster Capacity 180
C5 31.5263 - 72.8947 ----  Associated Cluster Capacity 190
C6 38.7778 - 11.8889 ----  Associated Cluster Capacity 180
C7 0 - 0 ----  Associated Cluster Capacity 0
C8 22.3333 - 34.3333 ----  Associated Cluster Capacity 180
C9 60.5714 - 74.2857 ----  Associated Cluster Capacity 140
---------------------
Matrix D
64.0312 81.5414 83.2166 78.2304 79.925 77.3886 79.7559 77.1751 77.8974 79.6492 74.7061 77.3692 88.6002 78.1601 87.8009 82.4621 87.3212 77.1298 76.4853 81.3941 58.3095 60.0333 59.0593 61.7171 55.9017 57.6975 60.4152 56.8595 59.6154 53.8516 58.5235 36.4006 41.2311 40.7922 45.7056 35.3553 45.2769 40.05 40 45 46.0977 47.4236 45.9674 48.1041 43.8634 42.4264 43.8634 46.0977 41.0366 44.8219 41.2311 39.0512 43.0116 44.2832 43.1741 44.5982 40.3113 42.72 38.3275 40.8534 35.3553 58.3095 61.0328 64.0312 56.6039 62.482 58.6003 61.7171 54.0833 57.0088 99.6243 101.242 60.9016 96.7678 63.5138 79.0569 96.566 92.9731 94.7048 92.0272 88.6002 91.9239 93.0054 90.6035 90.9065 90.6863 85.9128 85.1469 88.459 85.6329 81.3941 84.8528 108.231 107.005 104.637 101.213 100 104.043 94.8103 97.0824 101.242 
64.0312 81.5414 83.2166 78.2304 79.925 77.3886 79.7559 77.1751 77.8974 79.6492 74.7061 77.3692 88.6002 78.1601 87.8009 82.4621 87.3212 77.1298 76.4853 81.3941 58.3095 60.0333 59.0593 61.7171 55.9017 57.6975 60.4152 56.8595 59.6154 53.8516 58.5235 36.4006 41.2311 40.7922 45.7056 35.3553 45.2769 40.05 40 45 46.0977 47.4236 45.9674 48.1041 43.8634 42.4264 43.8634 46.0977 41.0366 44.8219 41.2311 39.0512 43.0116 44.2832 43.1741 44.5982 40.3113 42.72 38.3275 40.8534 35.3553 58.3095 61.0328 64.0312 56.6039 62.482 58.6003 61.7171 54.0833 57.0088 99.6243 101.242 60.9016 96.7678 63.5138 79.0569 96.566 92.9731 94.7048 92.0272 88.6002 91.9239 93.0054 90.6035 90.9065 90.6863 85.9128 85.1469 88.459 85.6329 81.3941 84.8528 108.231 107.005 104.637 101.213 100 104.043 94.8103 97.0824 101.242 
64.0312 81.5414 83.2166 78.2304 79.925 77.3886 79.7559 77.1751 77.8974 79.6492 74.7061 77.3692 88.6002 78.1601 87.8009 82.4621 87.3212 77.1298 76.4853 81.3941 58.3095 60.0333 59.0593 61.7171 55.9017 57.6975 60.4152 56.8595 59.6154 53.8516 58.5235 36.4006 41.2311 40.7922 45.7056 35.3553 45.2769 40.05 40 45 46.0977 47.4236 45.9674 48.1041 43.8634 42.4264 43.8634 46.0977 41.0366 44.8219 41.2311 39.0512 43.0116 44.2832 43.1741 44.5982 40.3113 42.72 38.3275 40.8534 35.3553 58.3095 61.0328 64.0312 56.6039 62.482 58.6003 61.7171 54.0833 57.0088 99.6243 101.242 60.9016 96.7678 63.5138 79.0569 96.566 92.9731 94.7048 92.0272 88.6002 91.9239 93.0054 90.6035 90.9065 90.6863 85.9128 85.1469 88.459 85.6329 81.3941 84.8528 108.231 107.005 104.637 101.213 100 104.043 94.8103 97.0824 101.242 
20.4747 31.4284 32.6403 27.8258 29.0503 27.2479 28.211 26.2372 26.0798 27.5282 22.5541 24.8225 35.8318 25.5316 35.4978 30.4154 35.4149 25.4577 25.8123 30.7472 10.4787 10.7448 8.80724 10.0518 5.48606 5.97862 7.6951 4.2263 6.42901 0.625304 5.43219 17.4249 13.5183 14.9954 12.4088 20.5893 15.2367 19.9804 21.7562 20.0612 24.9607 23.424 22.1541 19.8563 23.221 22.2111 20.469 17.9569 21.3413 16.8691 18.7407 20.3378 15.5802 50.8618 45.5209 41.2465 49.0628 40.1919 48.2625 39.2111 47.1959 36.2237 33.7827 31.9436 34.5583 30.0418 31.1039 29.0958 32.1318 29.3525 77.9712 76.8676 38.7812 75.0712 36.5116 29.7703 71.9647 71.2174 70.0074 70.2565 69.9355 67.0762 55.734 52.7489 51.1668 49.5762 46.7846 45.7915 46.6474 44.277 40.8308 41.7884 59.2237 57.633 55.8399 52.2363 50.6236 53.776 46.1058 46.723 50.1214 
37.1392 41.3936 42.7511 42.4446 43.678 41.8501 45.8632 44.0579 46.8495 48.0531 48.2181 49.873 67.6378 64.0164 69.9229 68.4705 71.4756 67.4182 70.011 72.6092 46.8732 47.3215 49.2633 50.0521 51.7783 52.1844 52.9296 54.1365 54.8553 56.6999 57.7532 66.1134 65.8904 67.8903 68.0416 71.0976 71.0351 73.8902 75.8902 76.0255 42.2017 41.7518 43.7123 43.2331 45.1145 47.0625 46.6594 46.2107 49.0146 48.1974 50.5985 51.9496 51.1793 47.6782 45.5557 42.3778 50.4413 43.9935 51.8833 45.6398 54.1129 27.9163 26.4552 25.8927 29.7805 27.8924 29.3974 28.8923 32.6069 31.365 21.7789 19.8715 25.1592 19.2004 23.5275 39.4601 15.125 15.9927 13.2786 15.2494 17.9316 10.6139 14.5827 15.0661 18.5169 21.0868 17.597 18.1778 22.3828 21.7789 21.5481 25.1968 45.4336 45.8668 42.9585 41.9231 42.6274 47.3039 38.9114 44.7324 49.2092 
24.4125 14.3352 13.7811 12.5394 11.561 13.1158 9.32589 10.9243 8.11585 7.09141 7.72036 5.21876 13.7525 9.75617 15.4042 13.5403 16.7151 13.6892 16.6599 17.989 22.9456 20.9504 21.1902 18.2389 23.8068 21.8902 19.0477 22.5674 19.8222 25.6325 21.2856 43.582 39.3122 40.4419 36.4911 46.2564 38.4937 44.2026 45.5628 42.0954 43.0352 41.042 40.9213 37.9234 42.8974 42.9219 40.9232 37.9255 43.0394 38.0585 41.2664 43.3884 38.4526 69.0311 63.7608 58.8345 68.4215 58.5116 68.2027 58.2556 67.9835 46.7037 42.1579 37.7272 45.9493 36.7892 40.9322 36.3524 44.9611 40.2188 76.6085 73.9251 47.9695 74.1419 43.5561 15.6162 69.6791 70.9171 68.0095 70.1234 71.7868 65.5397 47.0126 44.2531 41.2562 38.686 38.8414 37.9567 35.8715 34.8202 33.6299 31.2574 37.4823 35.5953 34.69 31.2911 29.3468 30.9401 26.5573 24.5255 26.4112 
38.1307 56.4551 58.4433 54.207 56.2036 53.2088 57.1242 54.1249 56.1165 58.1163 54.2428 57.2359 74.398 65.3032 75.0115 70.6522 75.484 66.4434 67.4418 72.1423 39.1089 41.0603 41.5339 44.4379 40.5251 42.4114 45.2592 43.1027 45.9076 42.486 47.0231 36.9091 40.2293 41.6834 45.2064 40.9275 47.2999 46.2908 47.8952 50.9908 18.5009 20.4629 20.9246 23.8224 19.3378 20.1261 21.9432 24.7219 21.0754 25.5007 23.8271 22.7561 26.9063 8.64456 3.73505 4.47903 6.99647 3.34258 6.93266 3.20686 7.85674 21.3061 25.6917 30.2683 20.3239 29.5852 24.5302 29.2889 19.1502 23.9341 59.0673 60.787 23.0279 56.2194 27.1366 53.4743 56.1947 52.4484 54.3778 51.5111 48.0458 51.678 56.3082 54.4269 55.6872 56.2905 50.9864 50.4596 54.7931 52.086 48.0515 52.5839 78.3692 77.6714 74.8543 71.9611 71.3408 76.129 65.9735 70.0163 74.8892 
64.0312 81.5414 83.2166 78.2304 79.925 77.3886 79.7559 77.1751 77.8974 79.6492 74.7061 77.3692 88.6002 78.1601 87.8009 82.4621 87.3212 77.1298 76.4853 81.3941 58.3095 60.0333 59.0593 61.7171 55.9017 57.6975 60.4152 56.8595 59.6154 53.8516 58.5235 36.4006 41.2311 40.7922 45.7056 35.3553 45.2769 40.05 40 45 46.0977 47.4236 45.9674 48.1041 43.8634 42.4264 43.8634 46.0977 41.0366 44.8219 41.2311 39.0512 43.0116 44.2832 43.1741 44.5982 40.3113 42.72 38.3275 40.8534 35.3553 58.3095 61.0328 64.0312 56.6039 62.482 58.6003 61.7171 54.0833 57.0088 99.6243 101.242 60.9016 96.7678 63.5138 79.0569 96.566 92.9731 94.7048 92.0272 88.6002 91.9239 93.0054 90.6035 90.9065 90.6863 85.9128 85.1469 88.459 85.6329 81.3941 84.8528 108.231 107.005 104.637 101.213 100 104.043 94.8103 97.0824 101.242 
23.6126 40.586 42.2598 37.2767 38.99 36.4311 38.9087 36.2614 37.1334 38.9558 34.106 36.9083 50.7368 40.668 50.6678 45.7262 50.7204 40.8969 41.3226 46.2517 17.442 19.2585 18.5532 21.4295 15.892 17.8668 20.838 17.6792 20.6774 15.8395 20.798 12.3513 13.5729 15.4128 17.8668 17.3461 20.3525 21.1082 23.041 24.7499 13.3874 12.8798 10.9189 10.6875 10.5935 8.80656 8.01388 7.6956 7.13364 5.70575 4.34613 5.08811 2.74874 36.4676 31.2872 27.5782 34.2426 26.1895 33.2549 24.8842 31.9514 28.004 27.6747 28.241 26.0299 26.2848 24.6757 25.3092 23.0772 22.6765 72.7958 72.6697 30.9713 69.8013 30.6739 38.1343 67.6699 65.8095 65.6701 64.8117 63.3579 62.6702 56.5764 53.7949 53.2186 52.3853 48.3103 47.4084 49.7918 47.052 42.9638 45.5802 67.5442 66.2386 63.9731 60.4888 59.1965 63.1339 54.0915 56.1476 60.2845 
31.8273 16.7922 16.1504 20.336 19.6063 20.7635 21.2396 22.1774 23.4303 22.9747 26.8803 26.112 37.15 38.578 40.0319 40.9719 41.9623 42.5774 45.577 45.9283 39.0437 37.8321 39.4658 37.8528 43.0711 41.9759 40.4631 43.6837 42.2321 47.2846 44.9219 64.0378 61.0981 62.7636 60.1781 68.0555 62.8159 67.8684 69.6018 67.2796 51.1383 49.4164 50.4803 47.9953 52.7025 53.813 52.1794 49.7793 54.9738 51.032 54.6193 56.8027 52.9971 71.2399 66.9145 62.1264 72.2751 62.7533 72.8696 63.4371 73.854 45.53 40.6832 35.8785 46.0355 36.5178 41.5638 36.874 46.9435 42.2592 56.0941 52.2369 44.9283 54.3045 40.0087 18.1299 49.0857 52.0918 47.9134 51.5722 55.0076 46.2615 24.0857 22.4176 18.8181 16.1017 20.0352 19.7876 14.9564 16.4658 19.2942 14.2971 12.4949 11.5935 8.89508 5.89015 5.74279 10.7295 2.66879 7.98085 12.0763 
---------------------
Matrix G
0 0 0 0 0 0 0 0 0 0 0 0 0 0 0 0 0 0 0 0 0 0 0 0 0 0 0 0 0 0 0 0 0 0 0 0 0 0 0 0 0 0 0 0 0 0 0 0 0 0 0 0 0 0 0 0 0 0 0 0 0 0 0 0 0 0 0 0 0 0 0 0 0 0 0 0 0 0 0 0 0 0 0 0 0 0 0 0 0 0 0 0 0 0 0 0 0 0 0 0 0 
0 0 0 0 0 0 0 0 0 0 0 0 0 0 0 0 0 0 0 0 0 0 0 0 0 0 0 0 0 0 0 0 0 0 0 0 0 0 0 0 0 0 0 0 0 0 0 0 0 0 0 0 0 0 0 0 0 0 0 0 0 0 0 0 0 0 0 0 0 0 0 0 0 0 0 0 0 0 0 0 0 0 0 0 0 0 0 0 0 0 0 0 0 0 0 0 0 0 0 0 0 
0 0 0 0 0 0 0 0 0 0 0 0 0 0 0 0 0 0 0 0 0 0 0 0 0 0 0 0 0 0 0 0 0 0 0 0 0 0 0 0 0 0 0 0 0 0 0 0 0 0 0 0 0 0 0 0 0 0 0 0 0 0 0 0 0 0 0 0 0 0 0 0 0 0 0 0 0 0 0 0 0 0 0 0 0 0 0 0 0 0 0 0 0 0 0 0 0 0 0 0 0 
1 0 0 0 0 0 0 0 0 0 0 0 0 0 0 0 0 0 0 0 1 1 1 1 1 1 1 1 1 1 1 0 1 1 1 0 1 1 0 1 0 0 0 0 0 0 0 0 0 0 0 0 0 0 0 0 0 0 0 0 0 0 0 0 0 0 0 0 0 0 0 0 0 0 0 0 0 0 0 0 0 0 0 0 0 0 0 0 0 0 0 0 0 0 0 0 0 0 0 0 0 
0 0 0 0 0 0 0 0 0 0 0 0 0 0 0 0 0 0 0 0 0 0 0 0 0 0 0 0 0 0 0 0 0 0 0 0 0 0 0 0 0 0 0 0 0 0 0 0 0 0 0 0 0 0 0 0 0 0 0 0 0 0 1 1 0 0 0 0 0 0 1 1 0 1 1 0 1 1 1 1 1 1 1 1 1 0 1 1 0 0 0 0 0 0 0 0 0 0 0 0 0 
0 1 1 1 1 1 1 1 1 1 1 1 1 1 1 1 1 1 1 1 0 0 0 0 0 0 0 0 0 0 0 0 0 0 0 0 0 0 0 0 0 0 0 0 0 0 0 0 0 0 0 0 0 0 0 0 0 0 0 0 0 0 0 0 0 0 0 0 0 0 0 0 0 0 0 0 0 0 0 0 0 0 0 0 0 0 0 0 0 0 0 0 0 0 0 0 0 0 0 0 0 
0 0 0 0 0 0 0 0 0 0 0 0 0 0 0 0 0 0 0 0 0 0 0 0 0 0 0 0 0 0 0 0 0 0 0 0 0 0 0 0 0 0 0 0 0 0 1 0 0 0 0 0 0 1 1 1 1 1 1 1 1 0 0 0 0 0 0 0 0 0 0 0 0 0 0 0 0 0 0 0 0 0 0 0 0 0 0 0 0 0 0 0 0 0 0 0 0 0 0 0 0 
0 0 0 0 0 0 0 0 0 0 0 0 0 0 0 0 0 0 0 0 0 0 0 0 0 0 0 0 0 0 0 0 0 0 0 0 0 0 0 0 0 0 0 0 0 0 0 0 0 0 0 0 0 0 0 0 0 0 0 0 0 0 0 0 0 0 0 0 0 0 0 0 0 0 0 0 0 0 0 0 0 0 0 0 0 0 0 0 0 0 0 0 0 0 0 0 0 0 0 0 0 
0 0 0 0 0 0 0 0 0 0 0 0 0 0 0 0 0 0 0 0 0 0 0 0 0 0 0 0 0 0 0 1 0 0 0 1 0 0 1 0 1 1 1 1 1 1 0 0 0 0 0 0 0 0 0 0 0 0 0 0 0 0 0 0 0 0 0 0 0 0 0 0 0 0 0 0 0 0 0 0 0 0 0 0 0 0 0 0 0 0 0 0 0 0 0 0 0 0 0 0 0 
0 0 0 0 0 0 0 0 0 0 0 0 0 0 0 0 0 0 0 0 0 0 0 0 0 0 0 0 0 0 0 0 0 0 0 0 0 0 0 0 0 0 0 0 0 0 0 0 0 0 0 0 0 0 0 0 0 0 0 0 0 0 0 0 0 0 0 0 0 0 0 0 0 0 0 1 0 0 0 0 0 0 0 0 0 1 0 0 1 1 1 1 1 1 1 1 1 1 1 1 1 
---------------------
C0 0 - 0 ----  Associated Cluster Capacity 0
C1 0 - 0 ----  Associated Cluster Capacity 0
C2 0 - 0 ----  Associated Cluster Capacity 0
C3 19.4444 - 49.0556 ----  Associated Cluster Capacity 180
C4 76.8235 - 39.5882 ----  Associated Cluster Capacity 170
C5 31.5263 - 72.8947 ----  Associated Cluster Capacity 190
C6 38.7778 - 11.8889 ----  Associated Cluster Capacity 180
C7 0 - 0 ----  Associated Cluster Capacity 0
C8 23.6667 - 33.2222 ----  Associated Cluster Capacity 180
C9 60.5333 - 73 ----  Associated Cluster Capacity 150
---------------------
Matrix D
64.0312 81.5414 83.2166 78.2304 79.925 77.3886 79.7559 77.1751 77.8974 79.6492 74.7061 77.3692 88.6002 78.1601 87.8009 82.4621 87.3212 77.1298 76.4853 81.3941 58.3095 60.0333 59.0593 61.7171 55.9017 57.6975 60.4152 56.8595 59.6154 53.8516 58.5235 36.4006 41.2311 40.7922 45.7056 35.3553 45.2769 40.05 40 45 46.0977 47.4236 45.9674 48.1041 43.8634 42.4264 43.8634 46.0977 41.0366 44.8219 41.2311 39.0512 43.0116 44.2832 43.1741 44.5982 40.3113 42.72 38.3275 40.8534 35.3553 58.3095 61.0328 64.0312 56.6039 62.482 58.6003 61.7171 54.0833 57.0088 99.6243 101.242 60.9016 96.7678 63.5138 79.0569 96.566 92.9731 94.7048 92.0272 88.6002 91.9239 93.0054 90.6035 90.9065 90.6863 85.9128 85.1469 88.459 85.6329 81.3941 84.8528 108.231 107.005 104.637 101.213 100 104.043 94.8103 97.0824 101.242 
64.0312 81.5414 83.2166 78.2304 79.925 77.3886 79.7559 77.1751 77.8974 79.6492 74.7061 77.3692 88.6002 78.1601 87.8009 82.4621 87.3212 77.1298 76.4853 81.3941 58.3095 60.0333 59.0593 61.7171 55.9017 57.6975 60.4152 56.8595 59.6154 53.8516 58.5235 36.4006 41.2311 40.7922 45.7056 35.3553 45.2769 40.05 40 45 46.0977 47.4236 45.9674 48.1041 43.8634 42.4264 43.8634 46.0977 41.0366 44.8219 41.2311 39.0512 43.0116 44.2832 43.1741 44.5982 40.3113 42.72 38.3275 40.8534 35.3553 58.3095 61.0328 64.0312 56.6039 62.482 58.6003 61.7171 54.0833 57.0088 99.6243 101.242 60.9016 96.7678 63.5138 79.0569 96.566 92.9731 94.7048 92.0272 88.6002 91.9239 93.0054 90.6035 90.9065 90.6863 85.9128 85.1469 88.459 85.6329 81.3941 84.8528 108.231 107.005 104.637 101.213 100 104.043 94.8103 97.0824 101.242 
64.0312 81.5414 83.2166 78.2304 79.925 77.3886 79.7559 77.1751 77.8974 79.6492 74.7061 77.3692 88.6002 78.1601 87.8009 82.4621 87.3212 77.1298 76.4853 81.3941 58.3095 60.0333 59.0593 61.7171 55.9017 57.6975 60.4152 56.8595 59.6154 53.8516 58.5235 36.4006 41.2311 40.7922 45.7056 35.3553 45.2769 40.05 40 45 46.0977 47.4236 45.9674 48.1041 43.8634 42.4264 43.8634 46.0977 41.0366 44.8219 41.2311 39.0512 43.0116 44.2832 43.1741 44.5982 40.3113 42.72 38.3275 40.8534 35.3553 58.3095 61.0328 64.0312 56.6039 62.482 58.6003 61.7171 54.0833 57.0088 99.6243 101.242 60.9016 96.7678 63.5138 79.0569 96.566 92.9731 94.7048 92.0272 88.6002 91.9239 93.0054 90.6035 90.9065 90.6863 85.9128 85.1469 88.459 85.6329 81.3941 84.8528 108.231 107.005 104.637 101.213 100 104.043 94.8103 97.0824 101.242 
20.5772 31.8116 33.0417 28.2111 29.4558 27.6221 28.6411 26.6392 26.5179 27.9818 23.0019 25.2934 36.3712 26.07 36.0352 30.9494 35.9487 25.9846 26.3224 31.262 10.5977 10.9585 9.04805 10.418 5.63526 6.2876 8.13637 4.61646 6.92664 1.09573 5.97035 16.9339 13.0844 14.5938 12.1418 20.1544 15.003 19.6548 21.4497 19.8629 24.5986 23.0839 21.7864 19.5272 22.8201 21.7838 20.0577 17.5778 20.8881 16.4547 18.272 19.8489 15.1137 50.4368 45.1009 40.8477 48.615 39.7783 47.8038 38.7826 46.7212 36.0105 33.6333 31.8692 34.3298 29.957 30.9333 29.0054 31.8779 29.1658 77.9215 76.8518 38.5887 75.0162 36.3804 30.1216 71.942 71.1546 69.9816 70.1917 69.8298 67.0454 55.8727 52.8907 51.3407 49.7737 46.9335 45.9418 46.8518 44.4645 40.9889 42.0064 59.6115 58.0285 56.2196 52.6169 51.0129 54.1918 46.472 47.1355 50.5589 
38.2672 42.6611 44.0183 43.7065 44.9434 43.1096 47.1277 45.3162 48.1092 49.3168 49.465 51.1298 68.9051 65.2657 71.1888 69.7282 72.7402 68.66 71.247 73.8597 47.9672 48.4406 50.3765 51.1982 52.8591 53.2891 54.0666 55.2361 55.9866 57.7695 58.8764 66.9809 66.8248 68.8248 69.036 71.9699 72.0271 74.8247 76.8246 77.0139 42.9085 42.5063 44.4756 44.0631 45.8376 47.7952 47.4344 47.0478 49.7561 49.0387 51.3869 52.7031 52.0262 47.6836 45.6962 42.6293 50.5205 44.2781 51.9963 45.9548 54.273 28.4857 27.2131 26.8267 30.3765 28.8265 30.1744 29.8264 33.2366 32.1526 20.5504 18.7466 25.6806 17.9516 24.2613 40.7246 13.9525 14.7257 12.0816 13.9819 16.7234 9.37585 15.5193 16.149 19.6355 22.2372 18.8327 19.4247 23.5889 23.0235 22.8156 26.4513 46.4621 46.9257 44.029 43.0447 43.7738 48.4279 40.1038 45.928 50.3835 
24.4125 14.3352 13.7811 12.5394 11.561 13.1158 9.32589 10.9243 8.11585 7.09141 7.72036 5.21876 13.7525 9.75617 15.4042 13.5403 16.7151 13.6892 16.6599 17.989 22.9456 20.9504 21.1902 18.2389 23.8068 21.8902 19.0477 22.5674 19.8222 25.6325 21.2856 43.582 39.3122 40.4419 36.4911 46.2564 38.4937 44.2026 45.5628 42.0954 43.0352 41.042 40.9213 37.9234 42.8974 42.9219 40.9232 37.9255 43.0394 38.0585 41.2664 43.3884 38.4526 69.0311 63.7608 58.8345 68.4215 58.5116 68.2027 58.2556 67.9835 46.7037 42.1579 37.7272 45.9493 36.7892 40.9322 36.3524 44.9611 40.2188 76.6085 73.9251 47.9695 74.1419 43.5561 15.6162 69.6791 70.9171 68.0095 70.1234 71.7868 65.5397 47.0126 44.2531 41.2562 38.686 38.8414 37.9567 35.8715 34.8202 33.6299 31.2574 37.4823 35.5953 34.69 31.2911 29.3468 30.9401 26.5573 24.5255 26.4112 
38.1307 56.4551 58.4433 54.207 56.2036 53.2088 57.1242 54.1249 56.1165 58.1163 54.2428 57.2359 74.398 65.3032 75.0115 70.6522 75.484 66.4434 67.4418 72.1423 39.1089 41.0603 41.5339 44.4379 40.5251 42.4114 45.2592 43.1027 45.9076 42.486 47.0231 36.9091 40.2293 41.6834 45.2064 40.9275 47.2999 46.2908 47.8952 50.9908 18.5009 20.4629 20.9246 23.8224 19.3378 20.1261 21.9432 24.7219 21.0754 25.5007 23.8271 22.7561 26.9063 8.64456 3.73505 4.47903 6.99647 3.34258 6.93266 3.20686 7.85674 21.3061 25.6917 30.2683 20.3239 29.5852 24.5302 29.2889 19.1502 23.9341 59.0673 60.787 23.0279 56.2194 27.1366 53.4743 56.1947 52.4484 54.3778 51.5111 48.0458 51.678 56.3082 54.4269 55.6872 56.2905 50.9864 50.4596 54.7931 52.086 48.0515 52.5839 78.3692 77.6714 74.8543 71.9611 71.3408 76.129 65.9735 70.0163 74.8892 
64.0312 81.5414 83.2166 78.2304 79.925 77.3886 79.7559 77.1751 77.8974 79.6492 74.7061 77.3692 88.6002 78.1601 87.8009 82.4621 87.3212 77.1298 76.4853 81.3941 58.3095 60.0333 59.0593 61.7171 55.9017 57.6975 60.4152 56.8595 59.6154 53.8516 58.5235 36.4006 41.2311 40.7922 45.7056 35.3553 45.2769 40.05 40 45 46.0977 47.4236 45.9674 48.1041 43.8634 42.4264 43.8634 46.0977 41.0366 44.8219 41.2311 39.0512 43.0116 44.2832 43.1741 44.5982 40.3113 42.72 38.3275 40.8534 35.3553 58.3095 61.0328 64.0312 56.6039 62.482 58.6003 61.7171 54.0833 57.0088 99.6243 101.242 60.9016 96.7678 63.5138 79.0569 96.566 92.9731 94.7048 92.0272 88.6002 91.9239 93.0054 90.6035 90.9065 90.6863 85.9128 85.1469 88.459 85.6329 81.3941 84.8528 108.231 107.005 104.637 101.213 100 104.043 94.8103 97.0824 101.242 
23.4152 40.7996 42.5172 37.5565 39.3142 36.687 39.3297 36.6219 37.6157 39.4721 34.6818 37.5299 51.7949 41.811 51.8046 46.9213 51.9074 42.1603 42.6672 47.5739 17.9333 19.8171 19.2713 22.2047 16.8307 18.8251 21.8186 18.7896 21.788 17.1738 22.0843 13.7818 15.255 17.0699 19.6 18.7511 22.0717 22.702 24.6181 26.4353 11.7825 11.399 9.41302 9.50114 8.9346 7.1059 6.45019 6.57812 5.40005 4.68383 2.63406 3.48719 2.22222 34.7842 29.5869 25.8488 32.6078 24.4709 31.6534 23.1839 30.4128 26.5297 26.3933 27.1916 24.5457 25.2596 23.401 24.2978 21.5753 21.4073 71.4061 71.3555 29.5098 68.4093 29.3872 38.2745 66.3572 64.414 64.3579 63.4153 61.882 61.3591 55.7618 53.013 52.5425 51.7928 47.6065 46.7196 49.2493 46.4871 42.3602 45.1349 67.5183 66.2524 63.9352 60.4781 59.2307 63.2538 54.0755 56.3022 60.5204 
30.8321 16.3182 15.8204 19.8112 19.1959 20.1862 20.9193 21.6937 23.0814 22.7322 26.4755 25.8447 37.5049 38.5852 40.3586 41.1333 42.2723 42.5803 45.5772 46.0683 38.2267 37.0579 38.7223 37.1809 42.3275 41.2749 39.8324 43.0087 41.6263 46.6042 44.3503 63.2267 60.3541 62.0383 59.5294 67.2901 62.1929 67.1949 68.9441 66.6955 50.0095 48.3006 49.3871 46.9264 51.6057 52.7379 51.1203 48.7471 53.9205 50.0242 53.6055 55.7819 52.0252 69.9811 65.6695 60.8891 71.0325 61.5274 71.6362 62.2234 72.6357 44.2713 39.4329 34.6403 44.7893 35.2999 40.338 35.6672 45.7196 41.0522 55.1085 51.3025 43.6549 53.2837 38.7395 17.4724 48.0862 51.0237 46.8873 50.4924 53.8759 45.1953 23.093 21.3421 17.7375 14.9917 18.8118 18.5459 13.7459 15.2015 18.0079 13.0109 13.6315 12.8043 10.0474 7.152 7.02029 12.0118 3.22766 8.92288 13.2143 
---------------------
Matrix G
0 0 0 0 0 0 0 0 0 0 0 0 0 0 0 0 0 0 0 0 0 0 0 0 0 0 0 0 0 0 0 0 0 0 0 0 0 0 0 0 0 0 0 0 0 0 0 0 0 0 0 0 0 0 0 0 0 0 0 0 0 0 0 0 0 0 0 0 0 0 0 0 0 0 0 0 0 0 0 0 0 0 0 0 0 0 0 0 0 0 0 0 0 0 0 0 0 0 0 0 0 
0 0 0 0 0 0 0 0 0 0 0 0 0 0 0 0 0 0 0 0 0 0 0 0 0 0 0 0 0 0 0 0 0 0 0 0 0 0 0 0 0 0 0 0 0 0 0 0 0 0 0 0 0 0 0 0 0 0 0 0 0 0 0 0 0 0 0 0 0 0 0 0 0 0 0 0 0 0 0 0 0 0 0 0 0 0 0 0 0 0 0 0 0 0 0 0 0 0 0 0 0 
0 0 0 0 0 0 0 0 0 0 0 0 0 0 0 0 0 0 0 0 0 0 0 0 0 0 0 0 0 0 0 0 0 0 0 0 0 0 0 0 0 0 0 0 0 0 0 0 0 0 0 0 0 0 0 0 0 0 0 0 0 0 0 0 0 0 0 0 0 0 0 0 0 0 0 0 0 0 0 0 0 0 0 0 0 0 0 0 0 0 0 0 0 0 0 0 0 0 0 0 0 
1 0 0 0 0 0 0 0 0 0 0 0 0 0 0 0 0 0 0 0 1 1 1 1 1 1 1 1 1 1 1 0 1 1 1 0 1 1 0 1 0 0 0 0 0 0 0 0 0 0 0 0 0 0 0 0 0 0 0 0 0 0 0 0 0 0 0 0 0 0 0 0 0 0 0 0 0 0 0 0 0 0 0 0 0 0 0 0 0 0 0 0 0 0 0 0 0 0 0 0 0 
0 0 0 0 0 0 0 0 0 0 0 0 0 0 0 0 0 0 0 0 0 0 0 0 0 0 0 0 0 0 0 0 0 0 0 0 0 0 0 0 0 0 0 0 0 0 0 0 0 0 0 0 0 0 0 0 0 0 0 0 0 0 1 1 0 0 0 0 0 0 1 1 0 1 1 0 1 1 1 1 1 1 1 1 0 0 0 0 0 0 0 0 0 0 0 0 0 0 0 0 0 
0 1 1 1 1 1 1 1 1 1 1 1 1 1 1 1 1 1 1 1 0 0 0 0 0 0 0 0 0 0 0 0 0 0 0 0 0 0 0 0 0 0 0 0 0 0 0 0 0 0 0 0 0 0 0 0 0 0 0 0 0 0 0 0 0 0 0 0 0 0 0 0 0 0 0 0 0 0 0 0 0 0 0 0 0 0 0 0 0 0 0 0 0 0 0 0 0 0 0 0 0 
0 0 0 0 0 0 0 0 0 0 0 0 0 0 0 0 0 0 0 0 0 0 0 0 0 0 0 0 0 0 0 0 0 0 0 0 0 0 0 0 0 0 0 0 0 0 1 0 0 0 0 0 0 1 1 1 1 1 1 1 1 0 0 0 0 0 0 0 0 0 0 0 0 0 0 0 0 0 0 0 0 0 0 0 0 0 0 0 0 0 0 0 0 0 0 0 0 0 0 0 0 
0 0 0 0 0 0 0 0 0 0 0 0 0 0 0 0 0 0 0 0 0 0 0 0 0 0 0 0 0 0 0 0 0 0 0 0 0 0 0 0 0 0 0 0 0 0 0 0 0 0 0 0 0 0 0 0 0 0 0 0 0 0 0 0 0 0 0 0 0 0 0 0 0 0 0 0 0 0 0 0 0 0 0 0 0 0 0 0 0 0 0 0 0 0 0 0 0 0 0 0 0 
0 0 0 0 0 0 0 0 0 0 0 0 0 0 0 0 0 0 0 0 0 0 0 0 0 0 0 0 0 0 0 1 0 0 0 1 0 0 1 0 1 1 1 1 1 1 0 0 0 0 0 0 0 0 0 0 0 0 0 0 0 0 0 0 0 0 0 0 0 0 0 0 0 0 0 0 0 0 0 0 0 0 0 0 0 0 0 0 0 0 0 0 0 0 0 0 0 0 0 0 0 
0 0 0 0 0 0 0 0 0 0 0 0 0 0 0 0 0 0 0 0 0 0 0 0 0 0 0 0 0 0 0 0 0 0 0 0 0 0 0 0 0 0 0 0 0 0 0 0 0 0 0 0 0 0 0 0 0 0 0 0 0 0 0 0 0 0 0 0 0 0 0 0 0 0 0 1 0 0 0 0 0 0 0 0 1 1 1 1 1 1 1 1 1 1 1 1 1 1 1 1 1 
---------------------
C0 0 - 0 ----  Associated Cluster Capacity 0
C1 0 - 0 ----  Associated Cluster Capacity 0
C2 0 - 0 ----  Associated Cluster Capacity 0
C3 19.4444 - 49.0556 ----  Associated Cluster Capacity 180
C4 78.9286 - 36.0714 ----  Associated Cluster Capacity 140
C5 31.5263 - 72.8947 ----  Associated Cluster Capacity 190
C6 38.7778 - 11.8889 ----  Associated Cluster Capacity 180
C7 0 - 0 ----  Associated Cluster Capacity 0
C8 23.6667 - 33.2222 ----  Associated Cluster Capacity 180
C9 61.6111 - 70.1667 ----  Associated Cluster Capacity 180
---------------------
Matrix D
64.0312 81.5414 83.2166 78.2304 79.925 77.3886 79.7559 77.1751 77.8974 79.6492 74.7061 77.3692 88.6002 78.1601 87.8009 82.4621 87.3212 77.1298 76.4853 81.3941 58.3095 60.0333 59.0593 61.7171 55.9017 57.6975 60.4152 56.8595 59.6154 53.8516 58.5235 36.4006 41.2311 40.7922 45.7056 35.3553 45.2769 40.05 40 45 46.0977 47.4236 45.9674 48.1041 43.8634 42.4264 43.8634 46.0977 41.0366 44.8219 41.2311 39.0512 43.0116 44.2832 43.1741 44.5982 40.3113 42.72 38.3275 40.8534 35.3553 58.3095 61.0328 64.0312 56.6039 62.482 58.6003 61.7171 54.0833 57.0088 99.6243 101.242 60.9016 96.7678 63.5138 79.0569 96.566 92.9731 94.7048 92.0272 88.6002 91.9239 93.0054 90.6035 90.9065 90.6863 85.9128 85.1469 88.459 85.6329 81.3941 84.8528 108.231 107.005 104.637 101.213 100 104.043 94.8103 97.0824 101.242 
64.0312 81.5414 83.2166 78.2304 79.925 77.3886 79.7559 77.1751 77.8974 79.6492 74.7061 77.3692 88.6002 78.1601 87.8009 82.4621 87.3212 77.1298 76.4853 81.3941 58.3095 60.0333 59.0593 61.7171 55.9017 57.6975 60.4152 56.8595 59.6154 53.8516 58.5235 36.4006 41.2311 40.7922 45.7056 35.3553 45.2769 40.05 40 45 46.0977 47.4236 45.9674 48.1041 43.8634 42.4264 43.8634 46.0977 41.0366 44.8219 41.2311 39.0512 43.0116 44.2832 43.1741 44.5982 40.3113 42.72 38.3275 40.8534 35.3553 58.3095 61.0328 64.0312 56.6039 62.482 58.6003 61.7171 54.0833 57.0088 99.6243 101.242 60.9016 96.7678 63.5138 79.0569 96.566 92.9731 94.7048 92.0272 88.6002 91.9239 93.0054 90.6035 90.9065 90.6863 85.9128 85.1469 88.459 85.6329 81.3941 84.8528 108.231 107.005 104.637 101.213 100 104.043 94.8103 97.0824 101.242 
64.0312 81.5414 83.2166 78.2304 79.925 77.3886 79.7559 77.1751 77.8974 79.6492 74.7061 77.3692 88.6002 78.1601 87.8009 82.4621 87.3212 77.1298 76.4853 81.3941 58.3095 60.0333 59.0593 61.7171 55.9017 57.6975 60.4152 56.8595 59.6154 53.8516 58.5235 36.4006 41.2311 40.7922 45.7056 35.3553 45.2769 40.05 40 45 46.0977 47.4236 45.9674 48.1041 43.8634 42.4264 43.8634 46.0977 41.0366 44.8219 41.2311 39.0512 43.0116 44.2832 43.1741 44.5982 40.3113 42.72 38.3275 40.8534 35.3553 58.3095 61.0328 64.0312 56.6039 62.482 58.6003 61.7171 54.0833 57.0088 99.6243 101.242 60.9016 96.7678 63.5138 79.0569 96.566 92.9731 94.7048 92.0272 88.6002 91.9239 93.0054 90.6035 90.9065 90.6863 85.9128 85.1469 88.459 85.6329 81.3941 84.8528 108.231 107.005 104.637 101.213 100 104.043 94.8103 97.0824 101.242 
20.5772 31.8116 33.0417 28.2111 29.4558 27.6221 28.6411 26.6392 26.5179 27.9818 23.0019 25.2934 36.3712 26.07 36.0352 30.9494 35.9487 25.9846 26.3224 31.262 10.5977 10.9585 9.04805 10.418 5.63526 6.2876 8.13637 4.61646 6.92664 1.09573 5.97035 16.9339 13.0844 14.5938 12.1418 20.1544 15.003 19.6548 21.4497 19.8629 24.5986 23.0839 21.7864 19.5272 22.8201 21.7838 20.0577 17.5778 20.8881 16.4547 18.272 19.8489 15.1137 50.4368 45.1009 40.8477 48.615 39.7783 47.8038 38.7826 46.7212 36.0105 33.6333 31.8692 34.3298 29.957 30.9333 29.0054 31.8779 29.1658 77.9215 76.8518 38.5887 75.0162 36.3804 30.1216 71.942 71.1546 69.9816 70.1917 69.8298 67.0454 55.8727 52.8907 51.3407 49.7737 46.9335 45.9418 46.8518 44.4645 40.9889 42.0064 59.6115 58.0285 56.2196 52.6169 51.0129 54.1918 46.472 47.1355 50.5589 
41.3454 46.5895 47.9822 47.5336 48.8176 46.9104 50.9875 49.1035 51.9094 53.1629 53.1549 54.9 72.8169 68.9659 75.0658 73.5003 76.5936 72.303 74.8485 77.5666 50.8725 51.456 53.3614 54.3324 55.6983 56.2318 57.154 58.1526 59.0449 60.5523 61.894 68.9369 69.0404 71.0373 71.4883 73.9363 74.4658 77.0288 79.0263 79.432 44.3462 44.1168 46.1087 45.9411 47.3197 49.3038 49.0977 48.9403 51.2892 50.9398 53.0849 54.2693 53.9392 46.7487 45.2044 42.5173 49.8083 44.2656 51.3866 46.0343 53.8066 29.5588 28.9484 29.1941 31.5189 31.1771 31.9465 32.1694 34.4675 33.9455 17.18 16.1071 26.6299 14.4126 25.9507 44.5871 11.1231 10.9157 9.13448 10.1 12.6269 6.16524 19.332 20.1568 23.6766 26.3061 22.9225 23.501 27.6872 27.1032 26.769 30.5101 50.3616 50.8725 47.9942 47.0776 47.8331 52.4623 44.1977 50.023 54.4663 
24.4125 14.3352 13.7811 12.5394 11.561 13.1158 9.32589 10.9243 8.11585 7.09141 7.72036 5.21876 13.7525 9.75617 15.4042 13.5403 16.7151 13.6892 16.6599 17.989 22.9456 20.9504 21.1902 18.2389 23.8068 21.8902 19.0477 22.5674 19.8222 25.6325 21.2856 43.582 39.3122 40.4419 36.4911 46.2564 38.4937 44.2026 45.5628 42.0954 43.0352 41.042 40.9213 37.9234 42.8974 42.9219 40.9232 37.9255 43.0394 38.0585 41.2664 43.3884 38.4526 69.0311 63.7608 58.8345 68.4215 58.5116 68.2027 58.2556 67.9835 46.7037 42.1579 37.7272 45.9493 36.7892 40.9322 36.3524 44.9611 40.2188 76.6085 73.9251 47.9695 74.1419 43.5561 15.6162 69.6791 70.9171 68.0095 70.1234 71.7868 65.5397 47.0126 44.2531 41.2562 38.686 38.8414 37.9567 35.8715 34.8202 33.6299 31.2574 37.4823 35.5953 34.69 31.2911 29.3468 30.9401 26.5573 24.5255 26.4112 
38.1307 56.4551 58.4433 54.207 56.2036 53.2088 57.1242 54.1249 56.1165 58.1163 54.2428 57.2359 74.398 65.3032 75.0115 70.6522 75.484 66.4434 67.4418 72.1423 39.1089 41.0603 41.5339 44.4379 40.5251 42.4114 45.2592 43.1027 45.9076 42.486 47.0231 36.9091 40.2293 41.6834 45.2064 40.9275 47.2999 46.2908 47.8952 50.9908 18.5009 20.4629 20.9246 23.8224 19.3378 20.1261 21.9432 24.7219 21.0754 25.5007 23.8271 22.7561 26.9063 8.64456 3.73505 4.47903 6.99647 3.34258 6.93266 3.20686 7.85674 21.3061 25.6917 30.2683 20.3239 29.5852 24.5302 29.2889 19.1502 23.9341 59.0673 60.787 23.0279 56.2194 27.1366 53.4743 56.1947 52.4484 54.3778 51.5111 48.0458 51.678 56.3082 54.4269 55.6872 56.2905 50.9864 50.4596 54.7931 52.086 48.0515 52.5839 78.3692 77.6714 74.8543 71.9611 71.3408 76.129 65.9735 70.0163 74.8892 
64.0312 81.5414 83.2166 78.2304 79.925 77.3886 79.7559 77.1751 77.8974 79.6492 74.7061 77.3692 88.6002 78.1601 87.8009 82.4621 87.3212 77.1298 76.4853 81.3941 58.3095 60.0333 59.0593 61.7171 55.9017 57.6975 60.4152 56.8595 59.6154 53.8516 58.5235 36.4006 41.2311 40.7922 45.7056 35.3553 45.2769 40.05 40 45 46.0977 47.4236 45.9674 48.1041 43.8634 42.4264 43.8634 46.0977 41.0366 44.8219 41.2311 39.0512 43.0116 44.2832 43.1741 44.5982 40.3113 42.72 38.3275 40.8534 35.3553 58.3095 61.0328 64.0312 56.6039 62.482 58.6003 61.7171 54.0833 57.0088 99.6243 101.242 60.9016 96.7678 63.5138 79.0569 96.566 92.9731 94.7048 92.0272 88.6002 91.9239 93.0054 90.6035 90.9065 90.6863 85.9128 85.1469 88.459 85.6329 81.3941 84.8528 108.231 107.005 104.637 101.213 100 104.043 94.8103 97.0824 101.242 
23.4152 40.7996 42.5172 37.5565 39.3142 36.687 39.3297 36.6219 37.6157 39.4721 34.6818 37.5299 51.7949 41.811 51.8046 46.9213 51.9074 42.1603 42.6672 47.5739 17.9333 19.8171 19.2713 22.2047 16.8307 18.8251 21.8186 18.7896 21.788 17.1738 22.0843 13.7818 15.255 17.0699 19.6 18.7511 22.0717 22.702 24.6181 26.4353 11.7825 11.399 9.41302 9.50114 8.9346 7.1059 6.45019 6.57812 5.40005 4.68383 2.63406 3.48719 2.22222 34.7842 29.5869 25.8488 32.6078 24.4709 31.6534 23.1839 30.4128 26.5297 26.3933 27.1916 24.5457 25.2596 23.401 24.2978 21.5753 21.4073 71.4061 71.3555 29.5098 68.4093 29.3872 38.2745 66.3572 64.414 64.3579 63.4153 61.882 61.3591 55.7618 53.013 52.5425 51.7928 47.6065 46.7196 49.2493 46.4871 42.3602 45.1349 67.5183 66.2524 63.9352 60.4781 59.2307 63.2538 54.0755 56.3022 60.5204 
29.559 16.7518 16.6119 20.0489 19.7304 20.2803 21.6426 22.0091 23.7103 23.6117 26.9353 26.6367 39.5019 39.9049 42.2974 42.7572 44.1759 43.8781 46.861 47.6371 37.4961 36.4594 38.2065 36.8746 41.7979 40.8705 39.6283 42.6714 41.4831 46.2404 44.289 62.4532 59.7807 61.5157 59.2243 66.6447 61.953 66.8095 68.6 66.5529 48.1821 46.5279 47.7 45.3353 49.9017 51.1138 49.5576 47.2859 52.3743 48.6457 52.2001 54.3483 50.7648 67.5044 63.2821 58.5488 68.6566 59.2486 69.3122 60.007 70.3907 41.8112 37.0339 32.3241 42.4102 33.0952 38.0812 33.5188 43.466 38.8925 52.232 48.4924 41.0793 50.3671 36.2056 17.3961 45.1954 48.0597 43.9667 47.518 50.8632 42.2343 20.2309 18.3836 14.7784 12.0075 15.7889 15.5407 10.7166 12.2457 15.252 10.2935 15.7819 15.2155 12.309 9.84102 9.96445 14.9206 6.03335 11.8491 16.2399 
---------------------
Matrix G
0 0 0 0 0 0 0 0 0 0 0 0 0 0 0 0 0 0 0 0 0 0 0 0 0 0 0 0 0 0 0 0 0 0 0 0 0 0 0 0 0 0 0 0 0 0 0 0 0 0 0 0 0 0 0 0 0 0 0 0 0 0 0 0 0 0 0 0 0 0 0 0 0 0 0 0 0 0 0 0 0 0 0 0 0 0 0 0 0 0 0 0 0 0 0 0 0 0 0 0 0 
0 0 0 0 0 0 0 0 0 0 0 0 0 0 0 0 0 0 0 0 0 0 0 0 0 0 0 0 0 0 0 0 0 0 0 0 0 0 0 0 0 0 0 0 0 0 0 0 0 0 0 0 0 0 0 0 0 0 0 0 0 0 0 0 0 0 0 0 0 0 0 0 0 0 0 0 0 0 0 0 0 0 0 0 0 0 0 0 0 0 0 0 0 0 0 0 0 0 0 0 0 
0 0 0 0 0 0 0 0 0 0 0 0 0 0 0 0 0 0 0 0 0 0 0 0 0 0 0 0 0 0 0 0 0 0 0 0 0 0 0 0 0 0 0 0 0 0 0 0 0 0 0 0 0 0 0 0 0 0 0 0 0 0 0 0 0 0 0 0 0 0 0 0 0 0 0 0 0 0 0 0 0 0 0 0 0 0 0 0 0 0 0 0 0 0 0 0 0 0 0 0 0 
1 0 0 0 0 0 0 0 0 0 0 0 0 0 0 0 0 0 0 0 1 1 1 1 1 1 1 1 1 1 1 0 1 1 1 0 1 1 0 1 0 0 0 0 0 0 0 0 0 0 0 0 0 0 0 0 0 0 0 0 0 0 0 0 0 0 0 0 0 0 0 0 0 0 0 0 0 0 0 0 0 0 0 0 0 0 0 0 0 0 0 0 0 0 0 0 0 0 0 0 0 
0 0 0 0 0 0 0 0 0 0 0 0 0 0 0 0 0 0 0 0 0 0 0 0 0 0 0 0 0 0 0 0 0 0 0 0 0 0 0 0 0 0 0 0 0 0 0 0 0 0 0 0 0 0 0 0 0 0 0 0 0 0 1 1 0 0 0 0 0 0 1 1 0 1 1 0 1 1 1 1 1 1 1 0 0 0 0 0 0 0 0 0 0 0 0 0 0 0 0 0 1 
0 1 1 1 1 1 1 1 1 1 1 1 1 1 1 1 1 1 1 1 0 0 0 0 0 0 0 0 0 0 0 0 0 0 0 0 0 0 0 0 0 0 0 0 0 0 0 0 0 0 0 0 0 0 0 0 0 0 0 0 0 0 0 0 0 0 0 0 0 0 0 0 0 0 0 0 0 0 0 0 0 0 0 0 0 0 0 0 0 0 0 0 0 0 0 0 0 0 0 0 0 
0 0 0 0 0 0 0 0 0 0 0 0 0 0 0 0 0 0 0 0 0 0 0 0 0 0 0 0 0 0 0 0 0 0 0 0 0 0 0 0 0 0 0 0 0 0 1 0 0 0 0 0 0 1 1 1 1 1 1 1 1 0 0 0 0 0 0 0 0 0 0 0 0 0 0 0 0 0 0 0 0 0 0 0 0 0 0 0 0 0 0 0 0 0 0 0 0 0 0 0 0 
0 0 0 0 0 0 0 0 0 0 0 0 0 0 0 0 0 0 0 0 0 0 0 0 0 0 0 0 0 0 0 0 0 0 0 0 0 0 0 0 0 0 0 0 0 0 0 0 0 0 0 0 0 0 0 0 0 0 0 0 0 0 0 0 0 0 0 0 0 0 0 0 0 0 0 0 0 0 0 0 0 0 0 0 0 0 0 0 0 0 0 0 0 0 0 0 0 0 0 0 0 
0 0 0 0 0 0 0 0 0 0 0 0 0 0 0 0 0 0 0 0 0 0 0 0 0 0 0 0 0 0 0 1 0 0 0 1 0 0 1 0 1 1 1 1 1 1 0 0 0 0 0 0 0 0 0 0 0 0 0 0 0 0 0 0 0 0 0 0 0 0 0 0 0 0 0 0 0 0 0 0 0 0 0 0 0 0 0 0 0 0 0 0 0 0 0 0 0 0 0 0 0 
0 0 0 0 0 0 0 0 0 0 0 0 0 0 0 0 0 0 0 0 0 0 0 0 0 0 0 0 0 0 0 0 0 0 0 0 0 0 0 0 0 0 0 0 0 0 0 0 0 0 0 0 0 0 0 0 0 0 0 0 0 0 0 0 0 0 0 0 0 0 0 0 0 0 0 1 0 0 0 0 0 0 0 1 1 1 1 1 1 1 1 1 1 1 1 1 1 1 1 1 0 
---------------------
C0 0 - 0 ----  Associated Cluster Capacity 0
C1 0 - 0 ----  Associated Cluster Capacity 0
C2 0 - 0 ----  Associated Cluster Capacity 0
C3 19.4444 - 49.0556 ----  Associated Cluster Capacity 180
C4 77.7143 - 38.2143 ----  Associated Cluster Capacity 140
C5 31.5263 - 72.8947 ----  Associated Cluster Capacity 190
C6 38.7778 - 11.8889 ----  Associated Cluster Capacity 180
C7 0 - 0 ----  Associated Cluster Capacity 0
C8 23.6667 - 33.2222 ----  Associated Cluster Capacity 180
C9 62.5556 - 68.5 ----  Associated Cluster Capacity 180
---------------------
